function coordinates = sr_get_station_coordinates() 
coordinates = [
  36.461407409553331  45.292780496454917
  36.480233063429758  45.276467442133175
  36.498251903568615  45.262193519601652
  36.518422247007642  45.244860899384797
  36.537516838796591  45.230077193905714
  36.553384175635287  45.212234790741313
  36.568444698736428  45.194392387576904
  36.586194600962770  45.178589116202716
  36.468668733191379  45.101611891121991
  36.484536070030082  45.106199937649976
  36.512236675019679  45.111297767125521
  36.531869142633660  45.114866247758407
  36.554459927285372  45.120983643129058
  36.578126463587161  45.125571689657050
  36.602061937801473  45.129140170289929
  36.623845908715616  45.133218433870368
];
end